1 1 1 30.00
1 1 2 29.00
1 1 3 322.00
1 2 1 30.00
1 2 2 23.00
1 2 3 318.00
1 3 1 28.00
1 3 2 19.00
1 3 3 329.00
1 4 1 15.00
1 4 2 18.00
1 4 3 319.00
1 5 1 15.00
1 5 2 13.00
1 5 3 321.00
1 6 1 12.00
1 6 2 18.00
1 6 3 318.00
1 7 1 13.00
1 7 2 28.00
1 7 3 320.00
1 8 1 25.00
1 8 2 20.00
1 8 3 320.00
1 9 1 24.00
1 9 2 30.00
1 9 3 322.00
1 10 1 12.00
1 10 2 13.00
1 10 3 315.00
1 11 1 28.00
1 11 2 14.00
1 11 3 321.00
1 12 1 24.00
1 12 2 29.00
1 12 3 328.00
1 13 1 15.00
1 13 2 27.00
1 13 3 322.00
1 14 1 22.00
1 14 2 14.00
1 14 3 319.00
1 15 1 19.00
1 15 2 29.00
1 15 3 325.00
1 16 1 17.00
1 16 2 20.00
1 16 3 312.00
1 17 1 24.00
1 17 2 24.00
1 17 3 327.00
1 18 1 20.00
1 18 2 28.00
1 18 3 327.00
1 19 1 19.00
1 19 2 25.00
1 19 3 321.00
1 20 1 18.00
1 20 2 28.00
1 20 3 325.00
1 21 1 17.00
1 21 2 14.00
1 21 3 322.00
1 22 1 15.00
1 22 2 25.00
1 22 3 316.00
1 23 1 17.00
1 23 2 24.00
1 23 3 330.00
1 24 1 24.00
1 24 2 18.00
1 24 3 327.00
2 1 1 13.00
2 1 2 10.00
2 1 3 329.00
2 2 1 10.00
2 2 2 10.00
2 2 3 324.00
2 3 1 26.00
2 3 2 28.00
2 3 3 321.00
2 4 1 15.00
2 4 2 22.00
2 4 3 313.00
2 5 1 27.00
2 5 2 18.00
2 5 3 327.00
2 6 1 13.00
2 6 2 30.00
2 6 3 313.00
2 7 1 18.00
2 7 2 18.00
2 7 3 327.00
2 8 1 20.00
2 8 2 13.00
2 8 3 311.00
2 9 1 21.00
2 9 2 20.00
2 9 3 314.00
2 10 1 22.00
2 10 2 15.00
2 10 3 316.00
2 11 1 21.00
2 11 2 30.00
2 11 3 314.00
2 12 1 22.00
2 12 2 23.00
2 12 3 317.00
2 13 1 14.00
2 13 2 14.00
2 13 3 312.00
2 14 1 19.00
2 14 2 15.00
2 14 3 330.00
2 15 1 10.00
2 15 2 24.00
2 15 3 318.00
2 16 1 17.00
2 16 2 29.00
2 16 3 330.00
2 17 1 22.00
2 17 2 18.00
2 17 3 310.00
2 18 1 21.00
2 18 2 30.00
2 18 3 328.00
2 19 1 15.00
2 19 2 24.00
2 19 3 327.00
2 20 1 14.00
2 20 2 28.00
2 20 3 330.00
2 21 1 21.00
2 21 2 18.00
2 21 3 330.00
2 22 1 30.00
2 22 2 12.00
2 22 3 314.00
2 23 1 20.00
2 23 2 15.00
2 23 3 317.00
2 24 1 30.00
2 24 2 18.00
2 24 3 327.00
3 1 1 24.00
3 1 2 30.00
3 1 3 314.00
3 2 1 24.00
3 2 2 29.00
3 2 3 312.00
3 3 1 15.00
3 3 2 11.00
3 3 3 314.00
3 4 1 28.00
3 4 2 20.00
3 4 3 320.00
3 5 1 11.00
3 5 2 21.00
3 5 3 310.00
3 6 1 25.00
3 6 2 17.00
3 6 3 311.00
3 7 1 10.00
3 7 2 18.00
3 7 3 324.00
3 8 1 15.00
3 8 2 20.00
3 8 3 317.00
3 9 1 21.00
3 9 2 16.00
3 9 3 316.00
3 10 1 24.00
3 10 2 15.00
3 10 3 321.00
3 11 1 26.00
3 11 2 18.00
3 11 3 328.00
3 12 1 23.00
3 12 2 19.00
3 12 3 329.00
3 13 1 22.00
3 13 2 10.00
3 13 3 320.00
3 14 1 26.00
3 14 2 17.00
3 14 3 321.00
3 15 1 10.00
3 15 2 13.00
3 15 3 312.00
3 16 1 21.00
3 16 2 24.00
3 16 3 310.00
3 17 1 17.00
3 17 2 24.00
3 17 3 324.00
3 18 1 14.00
3 18 2 30.00
3 18 3 315.00
3 19 1 18.00
3 19 2 12.00
3 19 3 313.00
3 20 1 25.00
3 20 2 18.00
3 20 3 324.00
3 21 1 25.00
3 21 2 10.00
3 21 3 330.00
3 22 1 29.00
3 22 2 21.00
3 22 3 316.00
3 23 1 20.00
3 23 2 27.00
3 23 3 322.00
3 24 1 15.00
3 24 2 12.00
3 24 3 327.00
4 1 1 19.00
4 1 2 24.00
4 1 3 316.00
4 2 1 11.00
4 2 2 23.00
4 2 3 325.00
4 3 1 25.00
4 3 2 12.00
4 3 3 311.00
4 4 1 17.00
4 4 2 28.00
4 4 3 319.00
4 5 1 30.00
4 5 2 23.00
4 5 3 310.00
4 6 1 20.00
4 6 2 25.00
4 6 3 319.00
4 7 1 23.00
4 7 2 22.00
4 7 3 318.00
4 8 1 30.00
4 8 2 25.00
4 8 3 326.00
4 9 1 15.00
4 9 2 28.00
4 9 3 313.00
4 10 1 15.00
4 10 2 19.00
4 10 3 322.00
4 11 1 20.00
4 11 2 18.00
4 11 3 321.00
4 12 1 26.00
4 12 2 12.00
4 12 3 328.00
4 13 1 20.00
4 13 2 25.00
4 13 3 330.00
4 14 1 16.00
4 14 2 27.00
4 14 3 315.00
4 15 1 17.00
4 15 2 19.00
4 15 3 312.00
4 16 1 29.00
4 16 2 30.00
4 16 3 325.00
4 17 1 23.00
4 17 2 22.00
4 17 3 323.00
4 18 1 24.00
4 18 2 12.00
4 18 3 319.00
4 19 1 25.00
4 19 2 17.00
4 19 3 318.00
4 20 1 14.00
4 20 2 26.00
4 20 3 312.00
4 21 1 21.00
4 21 2 21.00
4 21 3 324.00
4 22 1 16.00
4 22 2 14.00
4 22 3 310.00
4 23 1 25.00
4 23 2 19.00
4 23 3 327.00
4 24 1 21.00
4 24 2 12.00
4 24 3 326.00
5 1 1 23.00
5 1 2 14.00
5 1 3 327.00
5 2 1 27.00
5 2 2 17.00
5 2 3 328.00
5 3 1 21.00
5 3 2 14.00
5 3 3 313.00
5 4 1 15.00
5 4 2 27.00
5 4 3 318.00
5 5 1 23.00
5 5 2 13.00
5 5 3 315.00
5 6 1 17.00
5 6 2 13.00
5 6 3 325.00
5 7 1 12.00
5 7 2 18.00
5 7 3 327.00
5 8 1 15.00
5 8 2 23.00
5 8 3 314.00
5 9 1 20.00
5 9 2 10.00
5 9 3 328.00
5 10 1 13.00
5 10 2 24.00
5 10 3 311.00
5 11 1 29.00
5 11 2 26.00
5 11 3 323.00
5 12 1 15.00
5 12 2 26.00
5 12 3 313.00
5 13 1 15.00
5 13 2 16.00
5 13 3 329.00
5 14 1 26.00
5 14 2 24.00
5 14 3 325.00
5 15 1 26.00
5 15 2 25.00
5 15 3 313.00
5 16 1 16.00
5 16 2 19.00
5 16 3 315.00
5 17 1 29.00
5 17 2 12.00
5 17 3 327.00
5 18 1 17.00
5 18 2 24.00
5 18 3 321.00
5 19 1 16.00
5 19 2 10.00
5 19 3 325.00
5 20 1 20.00
5 20 2 20.00
5 20 3 323.00
5 21 1 15.00
5 21 2 14.00
5 21 3 318.00
5 22 1 30.00
5 22 2 27.00
5 22 3 320.00
5 23 1 16.00
5 23 2 15.00
5 23 3 329.00
5 24 1 17.00
5 24 2 30.00
5 24 3 327.00
6 1 1 10.00
6 1 2 10.00
6 1 3 328.00
6 2 1 19.00
6 2 2 11.00
6 2 3 328.00
6 3 1 23.00
6 3 2 20.00
6 3 3 330.00
6 4 1 30.00
6 4 2 23.00
6 4 3 316.00
6 5 1 21.00
6 5 2 12.00
6 5 3 330.00
6 6 1 28.00
6 6 2 28.00
6 6 3 323.00
6 7 1 14.00
6 7 2 24.00
6 7 3 317.00
6 8 1 28.00
6 8 2 10.00
6 8 3 321.00
6 9 1 14.00
6 9 2 23.00
6 9 3 317.00
6 10 1 16.00
6 10 2 30.00
6 10 3 326.00
6 11 1 13.00
6 11 2 29.00
6 11 3 316.00
6 12 1 22.00
6 12 2 15.00
6 12 3 329.00
6 13 1 29.00
6 13 2 14.00
6 13 3 329.00
6 14 1 20.00
6 14 2 16.00
6 14 3 328.00
6 15 1 18.00
6 15 2 22.00
6 15 3 323.00
6 16 1 11.00
6 16 2 13.00
6 16 3 320.00
6 17 1 23.00
6 17 2 22.00
6 17 3 329.00
6 18 1 13.00
6 18 2 10.00
6 18 3 329.00
6 19 1 27.00
6 19 2 21.00
6 19 3 316.00
6 20 1 13.00
6 20 2 27.00
6 20 3 323.00
6 21 1 28.00
6 21 2 20.00
6 21 3 311.00
6 22 1 12.00
6 22 2 25.00
6 22 3 315.00
6 23 1 20.00
6 23 2 20.00
6 23 3 312.00
6 24 1 28.00
6 24 2 19.00
6 24 3 319.00
7 1 1 13.00
7 1 2 30.00
7 1 3 318.00
7 2 1 12.00
7 2 2 26.00
7 2 3 313.00
7 3 1 20.00
7 3 2 21.00
7 3 3 330.00
7 4 1 19.00
7 4 2 20.00
7 4 3 330.00
7 5 1 26.00
7 5 2 27.00
7 5 3 310.00
7 6 1 13.00
7 6 2 17.00
7 6 3 327.00
7 7 1 10.00
7 7 2 26.00
7 7 3 312.00
7 8 1 21.00
7 8 2 22.00
7 8 3 319.00
7 9 1 22.00
7 9 2 11.00
7 9 3 327.00
7 10 1 23.00
7 10 2 12.00
7 10 3 323.00
7 11 1 12.00
7 11 2 10.00
7 11 3 326.00
7 12 1 18.00
7 12 2 14.00
7 12 3 317.00
7 13 1 30.00
7 13 2 18.00
7 13 3 324.00
7 14 1 12.00
7 14 2 19.00
7 14 3 323.00
7 15 1 10.00
7 15 2 19.00
7 15 3 319.00
7 16 1 15.00
7 16 2 24.00
7 16 3 313.00
7 17 1 11.00
7 17 2 23.00
7 17 3 326.00
7 18 1 10.00
7 18 2 23.00
7 18 3 317.00
7 19 1 10.00
7 19 2 14.00
7 19 3 327.00
7 20 1 22.00
7 20 2 18.00
7 20 3 319.00
7 21 1 16.00
7 21 2 15.00
7 21 3 316.00
7 22 1 12.00
7 22 2 29.00
7 22 3 330.00
7 23 1 24.00
7 23 2 27.00
7 23 3 313.00
7 24 1 21.00
7 24 2 16.00
7 24 3 324.00
8 1 1 28.00
8 1 2 15.00
8 1 3 326.00
8 2 1 28.00
8 2 2 17.00
8 2 3 319.00
8 3 1 19.00
8 3 2 24.00
8 3 3 314.00
8 4 1 30.00
8 4 2 21.00
8 4 3 314.00
8 5 1 16.00
8 5 2 18.00
8 5 3 314.00
8 6 1 19.00
8 6 2 12.00
8 6 3 313.00
8 7 1 23.00
8 7 2 30.00
8 7 3 329.00
8 8 1 18.00
8 8 2 28.00
8 8 3 314.00
8 9 1 11.00
8 9 2 25.00
8 9 3 330.00
8 10 1 10.00
8 10 2 25.00
8 10 3 316.00
8 11 1 18.00
8 11 2 27.00
8 11 3 327.00
8 12 1 16.00
8 12 2 14.00
8 12 3 311.00
8 13 1 16.00
8 13 2 17.00
8 13 3 326.00
8 14 1 23.00
8 14 2 19.00
8 14 3 322.00
8 15 1 10.00
8 15 2 18.00
8 15 3 328.00
8 16 1 24.00
8 16 2 23.00
8 16 3 321.00
8 17 1 16.00
8 17 2 20.00
8 17 3 330.00
8 18 1 19.00
8 18 2 15.00
8 18 3 325.00
8 19 1 13.00
8 19 2 13.00
8 19 3 314.00
8 20 1 29.00
8 20 2 27.00
8 20 3 313.00
8 21 1 26.00
8 21 2 19.00
8 21 3 325.00
8 22 1 20.00
8 22 2 21.00
8 22 3 327.00
8 23 1 29.00
8 23 2 23.00
8 23 3 328.00
8 24 1 12.00
8 24 2 20.00
8 24 3 318.00
9 1 1 18.00
9 1 2 19.00
9 1 3 324.00
9 2 1 19.00
9 2 2 27.00
9 2 3 314.00
9 3 1 20.00
9 3 2 20.00
9 3 3 318.00
9 4 1 27.00
9 4 2 28.00
9 4 3 320.00
9 5 1 29.00
9 5 2 16.00
9 5 3 329.00
9 6 1 12.00
9 6 2 18.00
9 6 3 327.00
9 7 1 20.00
9 7 2 19.00
9 7 3 319.00
9 8 1 30.00
9 8 2 16.00
9 8 3 312.00
9 9 1 10.00
9 9 2 14.00
9 9 3 325.00
9 10 1 10.00
9 10 2 10.00
9 10 3 319.00
9 11 1 17.00
9 11 2 14.00
9 11 3 315.00
9 12 1 28.00
9 12 2 27.00
9 12 3 317.00
9 13 1 26.00
9 13 2 13.00
9 13 3 326.00
9 14 1 19.00
9 14 2 18.00
9 14 3 311.00
9 15 1 22.00
9 15 2 24.00
9 15 3 314.00
9 16 1 24.00
9 16 2 14.00
9 16 3 321.00
9 17 1 23.00
9 17 2 23.00
9 17 3 321.00
9 18 1 19.00
9 18 2 30.00
9 18 3 322.00
9 19 1 27.00
9 19 2 23.00
9 19 3 323.00
9 20 1 21.00
9 20 2 29.00
9 20 3 314.00
9 21 1 13.00
9 21 2 11.00
9 21 3 314.00
9 22 1 16.00
9 22 2 21.00
9 22 3 314.00
9 23 1 18.00
9 23 2 18.00
9 23 3 328.00
9 24 1 25.00
9 24 2 25.00
9 24 3 318.00
10 1 1 19.00
10 1 2 19.00
10 1 3 322.00
10 2 1 12.00
10 2 2 15.00
10 2 3 315.00
10 3 1 30.00
10 3 2 11.00
10 3 3 311.00
10 4 1 21.00
10 4 2 18.00
10 4 3 324.00
10 5 1 20.00
10 5 2 29.00
10 5 3 322.00
10 6 1 22.00
10 6 2 28.00
10 6 3 322.00
10 7 1 22.00
10 7 2 22.00
10 7 3 321.00
10 8 1 19.00
10 8 2 23.00
10 8 3 312.00
10 9 1 30.00
10 9 2 24.00
10 9 3 320.00
10 10 1 16.00
10 10 2 27.00
10 10 3 328.00
10 11 1 29.00
10 11 2 19.00
10 11 3 313.00
10 12 1 16.00
10 12 2 25.00
10 12 3 317.00
10 13 1 19.00
10 13 2 23.00
10 13 3 327.00
10 14 1 20.00
10 14 2 16.00
10 14 3 320.00
10 15 1 25.00
10 15 2 12.00
10 15 3 326.00
10 16 1 25.00
10 16 2 22.00
10 16 3 310.00
10 17 1 19.00
10 17 2 15.00
10 17 3 321.00
10 18 1 30.00
10 18 2 25.00
10 18 3 322.00
10 19 1 20.00
10 19 2 23.00
10 19 3 316.00
10 20 1 21.00
10 20 2 10.00
10 20 3 330.00
10 21 1 16.00
10 21 2 19.00
10 21 3 327.00
10 22 1 11.00
10 22 2 30.00
10 22 3 310.00
10 23 1 24.00
10 23 2 26.00
10 23 3 311.00
10 24 1 30.00
10 24 2 11.00
10 24 3 310.00
11 1 1 20.00
11 1 2 22.00
11 1 3 328.00
11 2 1 15.00
11 2 2 24.00
11 2 3 326.00
11 3 1 24.00
11 3 2 11.00
11 3 3 317.00
11 4 1 23.00
11 4 2 14.00
11 4 3 319.00
11 5 1 30.00
11 5 2 20.00
11 5 3 321.00
11 6 1 23.00
11 6 2 28.00
11 6 3 321.00
11 7 1 10.00
11 7 2 28.00
11 7 3 316.00
11 8 1 21.00
11 8 2 23.00
11 8 3 321.00
11 9 1 20.00
11 9 2 30.00
11 9 3 322.00
11 10 1 16.00
11 10 2 28.00
11 10 3 316.00
11 11 1 19.00
11 11 2 17.00
11 11 3 328.00
11 12 1 16.00
11 12 2 11.00
11 12 3 326.00
11 13 1 20.00
11 13 2 15.00
11 13 3 328.00
11 14 1 18.00
11 14 2 11.00
11 14 3 318.00
11 15 1 30.00
11 15 2 24.00
11 15 3 330.00
11 16 1 17.00
11 16 2 16.00
11 16 3 327.00
